team1,team2,elo1,elo2,score1,score2,elo_prob1
GB,NYA,1611.0634999999997,1405.152,6,0,0.8248464333437999
BFF,NYA,1434.045,1410.299,8,19,0.6250087697772151
CIB,NYA,1419.3763333333334,1436.6446666666668,13,14,0.5677331616251317
NYG,NYA,1539.7564,1463.7768,10,7,0.6593889511276001
PRV,NYA,1465.32175,1485.7175,10,8,0.5616099151139032
NYA,DWL,1443.8106666666665,1392.6816666666666,10,23,0.6510002705271377
ARI,NYA,1453.7593333333334,1449.0730000000003,15,4,0.5962467621944585
NYA,FYJ,1492.254,1455.089,3,9,0.6334171566982705
PTB,NYA,1478.3540000000003,1445.7535,10,13,0.6368744534630015
CHI,NYA,1538.6776666666667,1495.7473333333335,21,2,0.6267528963640406
DAY,NYA,1431.0720000000001,1368.3329999999999,3,6,0.6759726723743401
AKR,WHE,1503.42,1300.0,43,0,0.8242120973373386
RII,STP,1503.9470000000001,1300.0,48,0,0.8246512009492516
DHR,COL,1472.342,1421.606,6,0,0.6606584732908434
FTW,DHR,1335.595,1460.271,0,0,0.4149540329876204
DHR,LAN,1439.9089999999999,1292.402,0,0,0.7726417686351719
DHR,CLP,1499.6670000000001,1300.0,40,14,0.8210600128920061
ARI,DHR,1483.3370000000002,1484.888,21,0,0.590308732113072
DHR,DTM,1431.594,1300.0,7,7,0.756149916544416
DAY,DHR,1554.0120000000002,1457.6770000000001,28,0,0.7168153088469423
CHT,DHR,1305.377,1510.1960000000001,12,0,0.3089862674970486
BBA,LDA,1365.740125,1359.9202500000001,29,20,0.5971841531553989
BBA,BCL,1355.9702857142856,1389.579,23,25,0.5405704072989105
BBA,MSA,1172.833,1224.409,17,15,0.5189288662818106
NAA,BBA,1398.315625,1386.566375,19,18,0.6029119052158591
BBA,BDA,1307.854,1303.3596666666665,21,18,0.5910352714748935
BBA,CLE,1518.0229000000004,1448.2768,23,20,0.6481756918395034
CRA,BBA,1295.3152499999999,1328.6948749999997,29,20,0.5414707277952256
BBA,SF,1420.2841250000001,1431.02925,28,20,0.5641342990406001
BCL,LDA,1371.4356666666665,1365.5168333333334,25,20,0.5920317561833092
LDA,MSA,1243.994,1279.1725000000001,25,24,0.5395167037311163
LDA,NAA,1410.9895000000001,1394.7959999999998,18,15,0.610147014305125
LDA,BDA,1317.9651666666666,1311.9998333333335,18,15,0.5931238042400635
CLE,LDA,1472.635125,1484.9346249999999,20,22,0.5552258574304161
CRA,LDA,1357.85075,1313.4067499999999,20,19,0.6379824509459179
LDA,SF,1452.21375,1451.371,27,22,0.5868931464497337
WGC,CBD,1300.0,1544.056,0,0,0.262942759700645
LOG,HAM,1300.0,1405.71,9,14,0.44168025618991663
DPN,COL,1300.0,1493.8470000000002,7,0,0.3226318669766168
GB,COL,1416.8870000000002,1340.694,3,0,0.6926999375652645
BFF,COL,1490.145285714286,1431.8175714285715,22,2,0.6556671153088384
RCH,COL,1446.6713333333335,1373.201,16,9,0.676193357952655
MIL,COL,1414.986,1356.015,0,0,0.6712037405700965
CIB,COL,1460.5516666666665,1470.5116666666665,6,1,0.5769587270269257
MNN,COL,1473.5,1366.1770000000001,28,0,0.7294770416045998
COL,CWP,1396.5970000000002,1300.0,24,0,0.7171213585477898
ELY,COL,1300.0,1398.043,0,0,0.4525901556272016
FTW,COL,1300.0,1457.2,14,0,0.3703429439183118
COL,KCB,1410.315,1399.1129999999998,0,9,0.6079382527951964
NYG,COL,1349.556,1394.6270000000002,19,0,0.5286487233201601
ZAN,COL,1289.183,1397.6685,0,5,0.43783898717833175
COL,CBD,1467.5256666666667,1502.1033333333332,2,8,0.5462835700473828
RAC,COL,1474.4879999999998,1332.6879999999999,34,0,0.7668191215788603
PRV,COL,1496.9229999999998,1428.192,19,0,0.6834814178236178
LOU,COL,1365.4225000000001,1366.2624999999998,17,3,0.5894000957568484
BRL,COL,1296.35,1381.3139999999999,20,12,0.4713010732823323
OOR,COL,1342.464,1336.097,17,9,0.5931744059597348
AKR,COL,1506.323,1487.4086000000002,23,4,0.614031367375867
ARI,COL,1518.4475,1398.2867499999998,21,5,0.7400908149076268
FYJ,COL,1515.011,1447.2424999999998,21,3,0.6658990615187529
PTB,COL,1583.693,1420.223,11,0,0.7878341991466363
TOL,COL,1505.2430000000002,1406.5883333333331,7,3,0.6931445961696091
CHI,COL,1628.2265,1430.313,13,9,0.8048327671310938
DAY,COL,1491.0454000000002,1439.6538,19,7,0.6561849205145946
CTI,COL,1451.2305000000001,1404.5884999999998,21,4,0.6552268195642963
GB,DPN,1513.6174999999998,1537.6644999999999,10,3,0.5563081942934546
DPN,RCH,1447.56,1317.467,20,0,0.7545532038921174
DPN,MIL,1407.6565,1448.7115,13,0,0.5340670894370712
DPN,CIB,1438.64,1451.217,22,13,0.5748754064981754
DPN,DUL,1514.941,1529.44,0,0,0.5721692398852907
DPN,RII,1461.2879999999998,1534.96,3,6,0.4875225798439184
DPN,KCB,1445.4779999999998,1416.0020000000002,10,0,0.6327070065023855
DPN,CBD,1504.1589999999999,1418.648,6,0,0.7039983455315284
DPN,LAB,1505.5220000000002,1425.9679999999998,6,9,0.6968029455279211
DPN,LOU,1462.368,1295.157,47,0,0.7919490352146858
DPN,AKR,1428.349,1500.4195,12,0,0.49010326939785587
DPN,FYJ,1506.438,1546.078,5,3,0.524233092016117
DPN,CHI,1464.9522499999998,1568.4745,10,2,0.4435252184391546
DPN,DAY,1436.8975,1406.6865,3,0,0.6267589946338595
DPN,HAM,1382.578,1452.865,26,6,0.4923919826205403
SIS,GB,1570.14475,1559.91025,15,14,0.5705404047236386
GB,RCH,1604.0510000000002,1362.668,33,13,0.8536702453656938
MIL,GB,1469.5107,1485.2188,9,5,0.5651094725720425
DTX,GB,1377.0045,1306.737,28,19,0.6441060984948226
GB,CIB,1577.6,1362.9189999999999,12,7,0.8334076729894886
BCL,GB,1273.74,1343.76,41,21,0.4927761419613048
GUN,GB,1308.545,1510.41,14,21,0.3126287248719017
STG,GB,1513.111,1647.987,28,38,0.4007746136296225
GB,MNN,1482.3287500000001,1476.006625,12,5,0.573489454759987
GB,BYK,1478.1696666666667,1510.6990000000003,12,24,0.5293830504611529
MIN,GB,1532.7976637401182,1532.0370934400833,20,20,0.5792534739776879
GB,DUL,1529.064,1478.5482,9,0,0.6534372214369257
GB,RII,1491.703,1536.8575999999998,9,5,0.5260664092343857
GB,CAR,1553.0136045107724,1568.1754674596646,26,25,0.5669664972364213
LAC,GB,1525.294182925478,1538.0551337165227,23,24,0.56535329005598
GB,KCB,1412.2875,1441.516,11,8,0.5326619757691233
GB,ECG,1400.3010000000002,1354.267,43,6,0.6545642498889076
TEN,GB,1501.938672368325,1526.1387723274909,23,23,0.5493119932820699
GB,PIT,1514.3322896816464,1500.5929026540848,23,20,0.5900057880736597
GB,NYG,1547.1456594809829,1567.5143596451512,19,16,0.5564965843816444
NYY,GB,1374.3258,1377.2992,24,28,0.5860942494326574
GB,RAC,1506.0904999999998,1476.29725,7,8,0.6269833455146536
PRV,GB,1555.671,1587.7788,14,20,0.5334607371811388
GB,CRP,1475.778,1525.9325,27,21,0.5116578185968874
GB,BKN,1503.2213999999997,1557.7858999999999,13,13,0.5083920767554105
GB,SEA,1539.2547167523853,1526.6498775991693,27,20,0.6000822981163277
GB,DEN,1573.4453029143972,1542.5415914462906,26,14,0.6148850833535526
GB,LOU,1595.818,1276.228,14,0,0.9014888560153967
GB,NO,1478.434234482596,1480.1755630193936,28,22,0.5833793033069464
MIA,GB,1535.9981686687595,1490.5769500530232,22,19,0.6458979666032306
GB,CLE,1528.580346394428,1504.5320118725579,22,20,0.6156023080143298
GB,BAL,1565.4914457660132,1543.143268117515,25,15,0.6138508203520504
GB,PHI,1514.910411856164,1518.0061125989187,20,16,0.5718619225520052
KC,GB,1526.360838767281,1571.6600281697874,17,22,0.5251766979627629
GB,ATL,1530.2267070306518,1484.25195744753,25,22,0.6354764745823054
GB,CLI,1603.0620000000001,1300.0,26,0,0.8927108480995173
JAX,GB,1463.0048431853982,1517.2099809407516,21,23,0.5014715199136375
ARI,GB,1538.6341539333487,1514.0963051706779,18,14,0.6118870198406806
TB,GB,1476.9974573364627,1471.3339486198402,19,16,0.5893885085631454
GB,DET,1510.5402926846134,1512.2569216600598,21,18,0.5791338755712784
HOU,GB,1528.4180953171674,1535.4659288381877,19,23,0.5806119076608367
FYJ,GB,1620.3863999999999,1518.8335999999997,13,7,0.6974533993002809
GB,SLA,1403.388,1384.4575,0,1,0.5876600562420993
WSH,GB,1503.0182974496506,1536.2255114792174,20,16,0.5407457897940251
PTB,GB,1476.7036666666665,1603.539,23,8,0.41759705615792436
NE,GB,1528.1514619895358,1597.0123142631126,23,22,0.48323602966668044
GB,NYJ,1513.1525817323693,1505.0604208839743,20,19,0.5998852173311744
OAK,GB,1571.3059203360037,1523.2758979052292,20,20,0.6275453290367796
GB,CIN,1494.0087945477576,1493.5199347198027,22,18,0.5833989394010431
GB,IND,1513.7110820330863,1544.478598112642,24,19,0.5426509603229303
LAR,GB,1524.7947065313108,1515.147426021931,25,20,0.5843068454896314
CHI,GB,1539.4699649031809,1537.3072112521274,17,16,0.5846050922163614
GB,RED,1526.4160000000002,1282.839,41,0,0.8552408750477911
GB,DAY,1588.5358,1391.0762000000002,10,0,0.8176068428721308
GB,DAL,1585.7126176501436,1550.0358975770932,26,20,0.626159437279867
GB,HAM,1504.7406666666666,1424.148,15,2,0.6948247436177871
GB,BUF,1535.502591785253,1511.1788615454052,23,14,0.6086152752939948
GB,SF,1521.0298784307754,1529.8571195167103,22,19,0.5696815879564039
MNM,CHI,1300.0,1508.566,0,3,0.304399963546868
BFF,RCH,1457.1438571428573,1470.0470000000003,10,8,0.5657985763246031
BFF,MIL,1533.906,1453.884,0,23,0.6973718063770181
CIB,BFF,1354.9660000000001,1559.658,0,0,0.3091423829546729
BFF,KEN,1496.9189999999999,1266.396,27,0,0.8456871081303081
BFF,KCB,1442.6670000000001,1484.378,0,2,0.5334654581270035
NYG,BFF,1305.7205,1520.8690000000001,6,22,0.31607363870465693
BFF,CBD,1610.7266666666667,1591.0158333333331,5,2,0.6128433555155534
PRV,BFF,1501.8553333333332,1376.0253333333333,7,2,0.7272586162894088
BFF,ABU,1489.757,1292.486,51,0,0.8190246337513903
BFF,MCK,1502.536,1300.0,28,7,0.8234735946274689
BFF,LAB,1415.243,1349.114,0,0,0.6802322214423251
BFF,TLM,1512.265,1289.004,38,0,0.8401525693602044
BFF,OOR,1580.1565,1314.466,32,9,0.8665054256959193
BFF,AKR,1517.9189090909092,1548.1824545454544,8,1,0.5477551151269643
HRT,BFF,1360.0770000000002,1423.079,7,13,0.5028753214387229
ARI,BFF,1496.8545000000001,1495.49925,9,5,0.5812255548312644
BFF,FYJ,1509.5523333333335,1480.8855555555556,19,9,0.6119598178003388
PTB,BFF,1539.2233333333334,1385.4548333333332,15,2,0.7729331708693721
BFF,TOL,1565.126,1501.91,3,3,0.6765738112088698
BFF,NG1,1578.1029999999998,1300.0,55,0,0.8781535300894766
CHI,BFF,1533.9170000000001,1540.6094999999998,8,8,0.5755185987698764
BFF,DAY,1519.8708571428567,1465.3288571428573,4,4,0.6625877900040943
BFF,WBU,1478.004,1300.0,32,6,0.8020003005487033
BFF,ATN,1542.193,1300.0,35,0,0.8542517418951552
BFF,DTI,1601.725,1305.261,21,0,0.8890184527094621
BFF,CTI,1578.6535000000001,1473.3469999999998,8,3,0.7271799109624949
BFF,HAM,1572.3255,1421.1185,12,0,0.77612003223071
SIS,MNN,1500.6670000000001,1273.4080000000001,34,0,0.8432191663214041
NYG,SIS,1513.15175,1533.0822500000002,12,8,0.5521801737320025
SIS,PRV,1470.9340000000002,1465.3695,6,5,0.5988792290779266
SIS,BKN,1462.881714285714,1418.0261428571428,6,7,0.644173062175603
SIS,CLI,1421.523,1312.5410000000002,16,7,0.731357500443123
SIS,ARI,1365.648,1512.76,21,7,0.3839833812768787
SIS,DET,1479.0954000000002,1502.6872,9,13,0.5524873079980546
FYJ,SIS,1524.427,1526.9605,8,3,0.5865489301946197
WSH,SIS,1319.5120000000002,1411.703,19,6,0.4609487018623738
SIS,PTB,1484.36,1467.862,14,6,0.6151802330298176
SIS,TOR,1443.3888,1480.9454,4,3,0.5380093440526797
SIS,CHI,1496.6165,1500.028,13,3,0.5775283239323848
SIS,DAY,1504.2979999999998,1368.026,12,0,0.7610809196923543
CST,ARI,1300.0,1508.6070000000002,14,14,0.3043499918961562
CIB,RCH,1460.495,1343.964,59,0,0.7398090708789999
RCH,UTI,1512.663,1305.191,13,3,0.8271630436813835
RCH,TON,1432.764,1478.004,45,0,0.5284063044920551
RII,RCH,1554.91,1456.1844999999998,41,0,0.717912339964151
NYG,RCH,1377.543,1341.237,13,0,0.6417951663817987
CBD,RCH,1502.0320000000002,1366.4679999999998,14,7,0.7603390418825577
RAC,RCH,1430.307,1466.471,9,0,0.5414033152617352
PRV,RCH,1475.793,1354.8470000000002,17,0,0.7446713077924291
RCH,ABU,1503.42,1300.0,10,0,0.8242120973373386
RCH,SYR,1513.225,1300.0,21,7,0.8322407496806097
AKR,RCH,1555.0866666666668,1466.350666666667,10,5,0.6871395345771143
RCH,ROS,1349.5816666666667,1395.9943333333333,7,2,0.5134869285718342
ARI,RCH,1554.01,1446.493,60,0,0.7296973656293275
FYJ,RCH,1413.889,1415.234,21,0,0.5905954879557427
PTB,RCH,1562.8239999999998,1323.1629999999998,14,6,0.8524276398125313
RCH,TOL,1407.881,1483.111,6,12,0.4852820996281858
RCH,FTP,1510.934,1300.0,66,0,0.8303914086394528
CHI,RCH,1590.2469999999998,1479.6019999999999,11,6,0.7327871718638577
RCH,ATN,1498.2595000000001,1309.587,1,10,0.8099223800132835
RII,WJA,1496.08,1300.0,48,7,0.8180061992144855
CIB,MIL,1523.2879999999998,1501.338,53,10,0.6225825673599272
MIL,MNN,1497.237,1379.183,28,7,0.7414931113107684
MIL,KEN,1505.984,1285.887,21,0,0.837691392134633
MIL,DUL,1428.2044999999998,1459.8274999999999,6,5,0.5451323235378537
RII,MIL,1547.583,1400.1575,21,10,0.7716650164451309
MIL,KCB,1400.4564999999998,1405.995,5,1,0.5610509215615814
CBD,MIL,1688.101,1344.098,40,6,0.9132841618363275
MIL,RAC,1432.7831666666664,1443.4465,5,7,0.5730827205172281
MIL,LAB,1421.908,1294.299,0,6,0.7518953521218187
MIL,OOR,1371.1765,1348.8555000000001,13,1,0.6218521215086699
ARI,MIL,1515.7638571428574,1461.7272857142857,19,5,0.6520924392509553
FYJ,MIL,1560.681,1468.8139999999999,21,6,0.7115654160383723
MIL,SLA,1345.9544999999998,1370.766,3,8,0.5510312908483821
TOL,MIL,1520.4920000000002,1295.391,12,12,0.8415699007469509
CHI,MIL,1594.31075,1477.8435000000002,12,7,0.7109151936384461
MIL,HAM,1348.95,1394.265,0,0,0.5282987178726141
DTX,NYG,1300.0,1611.5439999999999,6,24,0.19478368069544266
PHI,DTX,1533.2320000000002,1241.885,38,21,0.8860787314542028
DET,DTX,1619.7359999999999,1232.7465,42,9,0.9309420034783351
LAR,DTX,1400.462,1405.7939999999999,24,23,0.5403825142126871
CHI,DTX,1361.5590000000002,1355.999,32,21,0.5687076771983304
DTX,SF,1464.601,1404.243,31,29,0.5835259491929976
CIB,DUL,1465.3825,1502.1015000000002,20,10,0.5353749522925754
RII,CIB,1569.9720000000002,1300.0,0,0,0.8730560197669199
CIB,KCB,1493.9119999999998,1363.888,8,15,0.7543300599970353
NYG,CIB,1406.5523333333333,1467.8143333333335,6,2,0.48467017597265444
CIB,CBD,1419.207333333333,1552.1453333333332,7,15,0.4222266562947339
PRV,CIB,1526.6745,1428.7115,3,14,0.7186716051897986
CIB,OOR,1326.868,1343.5339999999999,27,0,0.5691129352688729
CIB,AKR,1424.0110000000002,1507.798,14,11,0.4730884457819709
ARI,CIB,1478.019,1518.368,7,32,0.535416231208356
FYJ,CIB,1483.9074285714285,1486.7177142857142,11,6,0.5790454639263903
CIB,SLA,1311.378,1312.8010000000002,6,0,0.5904869177380409
PTB,CIB,1568.52,1482.704,24,6,0.7043640798224581
CIB,CHI,1556.8263333333334,1503.405,12,8,0.6311678440885337
CIB,DAY,1420.482,1454.3125,17,0,0.5431947378359921
BCL,NAA,1406.5286666666668,1391.3835,23,22,0.5844334050653782
PIT,BCL,1496.408,1304.6960000000001,17,7,0.8142329539304752
BCL,NYG,1296.7169999999999,1543.0079999999998,20,55,0.2604569542014207
NYY,BCL,1416.16,1246.105,51,14,0.7946335870315718
BCL,BDA,1282.9185000000002,1276.089,23,19,0.5988381255882048
CLE,BCL,1434.8662857142858,1522.8027142857143,15,17,0.4669658013297701
BCL,PHI,1291.225,1687.737,14,24,0.12916785607490894
ARI,BCL,1518.9620000000002,1302.225,55,13,0.8350443986986259
BCL,DET,1265.218,1465.101,21,45,0.3150857200452929
BCL,WSH,1343.3210000000001,1366.96,26,33,0.5552246701014277
LAR,BCL,1581.945,1285.8410000000001,70,27,0.8888138224517532
CRA,BCL,1284.4795000000001,1256.6478333333332,19,19,0.6222248008275767
SF,BCL,1441.9872857142857,1438.5207142857143,19,22,0.5777942548565961
GUN,PIT,1300.0,1274.361,6,0,0.6275592269814708
DET,GUN,1650.547,1313.921,40,7,0.9098615071855894
STG,NYG,1489.915,1497.686,35,14,0.5804829002679768
STG,BKN,1398.5515,1441.6485,15,3,0.5296798163500384
STG,ARI,1457.379,1355.4229999999998,34,13,0.7233371849132784
STG,DET,1455.656,1400.945,35,34,0.6657693376364375
STG,WSH,1592.3625,1571.453,14,20,0.5819460801765304
CHI,STG,1699.111,1490.842,48,21,0.8282197984302161
MNN,DUL,1415.2975,1408.8595,2,4,0.5962006255558913
RII,MNN,1498.665,1482.801333333333,8,5,0.6089191061781906
MNN,RAC,1425.731,1473.9155,18,3,0.5232817243768706
PRV,MNN,1475.8465,1295.809,14,8,0.8036943633933751
BKN,MNN,1435.297,1325.618,34,0,0.7321450708322371
MNN,OOR,1431.8485,1340.3475,18,3,0.7057199350728034
ARI,MNN,1464.5968571428573,1437.043857142857,10,2,0.6179319064549176
MNN,DET,1346.944,1370.4975,27,0,0.5546450638530516
FYJ,MNN,1559.226,1321.7109999999998,31,3,0.8424219396374462
MNN,CHI,1390.5074,1419.4796,11,10,0.5373045863048319
DAY,MNN,1520.411,1484.9920000000002,17,0,0.6406204830631833
DUL,KEN,1448.967,1279.403,32,0,0.7941719559430451
FYJ,KEN,1438.487,1300.0,31,6,0.7633917172387165
KEN,HAM,1277.005,1397.1,6,6,0.4213699070262079
BYK,PIT,1396.00275,1407.74925,15,14,0.573054082485315
BYK,NYG,1435.2103333333334,1423.1668888888887,13,15,0.5846030286155508
BKN,BYK,1313.3229999999999,1284.324,13,11,0.6256513262209582
BYK,PHI,1484.8222222222223,1451.8774444444446,30,14,0.6043453560618991
BYK,ARI,1495.2046666666665,1414.5116666666665,30,20,0.6720097605017217
DET,BYK,1425.1450000000002,1381.2766,15,17,0.6355496202878987
BYK,WSH,1435.5463000000004,1441.4977999999999,24,16,0.5648114319439709
LAR,BYK,1494.9336666666666,1432.2023333333334,25,18,0.6421710147371452
CHI,BYK,1454.3553333333332,1518.5883333333331,20,28,0.4599360325467982
NAA,MSA,1255.048,1276.404,12,26,0.5436515454755099
BDA,MSA,1187.6165,1195.3265000000001,30,13,0.5790033754238757
CLE,MSA,1225.0435,1375.8455,22,17,0.3981906652388535
CRA,MSA,1226.4795,1226.267,17,13,0.5900490039566848
SF,MSA,1251.451,1277.213,14,24,0.5559900823517987
MIN,CAR,1520.0001903961652,1508.5836133078049,21,17,0.6034187044672753
LAC,MIN,1522.8973801138475,1500.534680577504,26,22,0.5956718972339314
MIN,TEN,1528.120585739918,1504.1778470158606,27,14,0.605757492944982
PIT,MIN,1541.8947907959368,1527.1350275436519,23,17,0.5846430131659204
NYG,MIN,1528.722993831539,1530.5974179594093,22,19,0.5790390293315977
MIN,SEA,1547.594833389926,1504.0619397863063,26,20,0.6272525673950623
DEN,MIN,1523.7587356819004,1549.0579791006735,23,21,0.5475857052322448
NO,MIN,1519.1788800580377,1517.0346668890118,25,19,0.5854879366625715
MIN,MIA,1549.4484616874533,1562.8650562698738,20,20,0.5628201183572588
CLE,MIN,1529.8464832175134,1518.3800396167626,23,19,0.598883848437616
BAL,MIN,1539.311551397175,1529.1536573240253,27,22,0.6007397512657299
MIN,PHI,1520.6017195247848,1528.0049213344662,24,21,0.5740368711754705
MIN,KC,1524.4345680515578,1582.22389115569,20,17,0.5023873682480554
MIN,ATL,1514.5364780669906,1501.1946771385979,22,18,0.595318303878878
MIN,JAX,1496.491581174895,1503.6103794588832,22,22,0.5811402473495692
MIN,ARI,1505.7019031058505,1501.7690371615847,24,21,0.5859160810250038
TB,MIN,1470.7151326001392,1478.1447721580494,21,18,0.5721106998705521
MIN,DET,1494.9962837860296,1496.8097128014138,21,18,0.5796898081589332
HOU,MIN,1551.6421566987274,1513.0078515894324,23,22,0.6325654457944512
MIN,WSH,1529.6923876282488,1540.8896172392758,23,22,0.5716835902854419
NE,MIN,1518.4806614673855,1566.5128803113885,20,20,0.5283127819615137
NYJ,MIN,1510.6996234701173,1518.4152481763429,20,22,0.5781687107297739
MIN,OAK,1544.317625762193,1526.062151219806,23,20,0.5985627540381053
CIN,MIN,1539.1989149405986,1515.1827028463822,27,13,0.6132871891709579
IND,MIN,1527.9411166801929,1511.7397947323593,25,20,0.6009959673284859
LAR,MIN,1524.7869738912193,1520.4237849227452,24,20,0.5937282364539288
MIN,CHI,1512.5539906419942,1506.5397434929596,21,19,0.5858502018844993
DAL,MIN,1554.640018798053,1577.124696911861,22,22,0.5561489023276539
MIN,BUF,1516.9992502679322,1483.690825538743,19,20,0.6244856079525734
MIN,SF,1542.1357775747085,1526.8666264820536,24,20,0.5995666260287894
CHL,CHI,1300.0,1489.67,0,20,0.3279088695976134
RII,DUL,1511.053,1492.0025,0,10,0.6156774166695118
DUL,KCB,1498.253,1446.4976666666669,6,3,0.6577175928708591
NYG,DUL,1569.3809999999999,1533.544,17,6,0.6381046302145141
CBD,DUL,1345.555,1502.0539999999999,2,10,0.371284418411045
RAC,DUL,1373.297,1516.425,0,21,0.38942236632105204
PRV,DUL,1487.9335,1528.5565000000001,6,3,0.5346329877906114
DUL,AKR,1300.0,1512.692,10,7,0.29939436691249044
HRT,DUL,1368.059,1517.7179999999998,0,16,0.38052124925599823
ARI,DUL,1579.6475,1419.197,10,3,0.7807362443131116
FYJ,DUL,1564.026,1495.3265,5,3,0.6803027629855813
PTB,DUL,1546.8846666666668,1505.1673333333335,6,9,0.6435615557702571
CHI,DUL,1617.288,1491.4270000000001,25,10,0.7480077059917727
DUL,HAM,1385.8809999999999,1457.4325,1,13,0.49057287185617426
KCB,RII,1460.6662500000002,1405.162,19,5,0.6489794387805297
RII,ECG,1532.295,1406.634,60,0,0.7497975677153701
RII,RAC,1509.9,1508.8035,6,3,0.5939847828513971
RII,MUN,1516.108,1478.004,45,0,0.6441710901126361
RII,ARI,1541.4393333333335,1511.1346666666668,7,4,0.6335168263995367
THO,RII,1300.0,1540.5729999999999,7,7,0.26684690600891026
RII,CHI,1574.5570769230767,1540.5933846153846,5,3,0.6327506889853262
RII,DAY,1537.00275,1495.6305,15,5,0.6473553291904389
RII,CHT,1538.1660000000002,1321.6660000000002,20,7,0.8348563894691186
RII,DTI,1414.564,1406.5169999999998,0,7,0.5767247548339829
RII,HAM,1531.9904999999999,1428.911,26,0,0.7245893580148459
NAA,BDA,1332.0245,1364.1229999999998,16,14,0.5366291874126711
CLE,NAA,1510.6907,1506.1083,16,15,0.5834044405167539
CRA,NAA,1334.117625,1345.0792499999998,23,24,0.5635652607868437
SF,NAA,1483.1246666666668,1480.5215555555556,20,12,0.5904192451691599
LAC,CAR,1525.693709416588,1452.3546152826332,17,23,0.6812249510305644
TEN,CAR,1469.302150002304,1549.156681241848,11,26,0.487675230889497
CAR,PIT,1556.0357202258142,1495.7576270360016,25,20,0.6576613998163696
CAR,NYG,1518.648918843121,1543.5932573057917,22,26,0.5525821088935635
CAR,SEA,1556.9607641664154,1558.7054686823624,23,15,0.583838930964247
DEN,CAR,1593.18534275818,1583.182833701495,23,15,0.5858864978151781
CAR,NO,1501.9050846374694,1503.9914018809181,22,21,0.5812862038153442
CAR,MIA,1503.8255094363064,1515.55154626109,22,18,0.5676259993830542
CLE,CAR,1442.15640936359,1408.1228520649847,18,18,0.6253609316817847
CAR,BAL,1502.8884317209884,1546.3119365002385,24,19,0.5229477012751949
PHI,CAR,1552.2639378031552,1523.2185272079798,22,20,0.626493907985534
CAR,KC,1495.7908015686517,1503.3404306704786,20,19,0.5774113625030503
ATL,CAR,1487.4461904613242,1503.4767109307468,21,19,0.5624918490678535
JAX,CAR,1428.3481666666667,1502.7781666666667,21,15,0.48006145114954224
CAR,ARI,1463.3182569398266,1487.2726860917141,22,19,0.5564336819331397
CAR,TB,1497.3965479342392,1472.9676865700312,20,19,0.610828502542115
CAR,DET,1496.450445860552,1446.53475217134,25,19,0.6443323015851871
HOU,CAR,1514.9272971857902,1468.0765575834725,18,22,0.635621488949232
WSH,CAR,1483.8037297586884,1472.5949943581143,22,20,0.5997365234872989
NE,CAR,1562.3767401032414,1553.655958153133,22,23,0.581979979187313
CAR,NYJ,1489.3371807721244,1455.50906157876,27,16,0.618976714318349
CAR,OAK,1499.1761281706968,1469.51793861196,28,17,0.6265341437250431
CAR,CIN,1497.6967187021019,1463.5019023144769,28,21,0.6373739877673853
CAR,IND,1472.2760278693302,1501.2368991122867,17,24,0.5474068965819395
CAR,LAR,1466.5063580024344,1474.5922847734225,22,18,0.5729706983935439
CHI,CAR,1494.254880036609,1483.6654436022602,22,19,0.58889002582669
CAR,DAL,1517.5564120707738,1518.0478634322444,18,18,0.5885693328016842
BUF,CAR,1457.1688723077016,1449.9617555524414,17,17,0.5947263409764466
SF,CAR,1509.2998460672995,1507.1184629838488,23,23,0.5819084294941694
TEN,LAC,1486.6225251534931,1483.1251387193788,25,20,0.5867661985924204
PIT,LAC,1537.0387320150573,1546.681735932923,24,20,0.5734552757687864
NYG,LAC,1493.3899980805184,1489.2583089838793,28,21,0.5891638284885642
SEA,LAC,1489.3733177470895,1505.6635483953369,22,19,0.5622678033130972
DEN,LAC,1508.1795756728245,1510.8439565011033,23,19,0.5749913503796242
LAC,NO,1455.7932719558455,1517.7180013211362,21,25,0.4963752886047133
LAC,MIA,1514.8500190131508,1519.268468440136,26,18,0.5705636538407444
CLE,LAC,1464.9403459515788,1464.2850145170353,20,22,0.5824508321215601
LAC,BAL,1528.1593807742038,1536.5578517387569,21,19,0.572297567516181
LAC,PHI,1487.8054632297974,1518.5195751357176,21,18,0.5443866801454792
LAC,KC,1509.7742279795075,1509.0263414440037,21,20,0.5839621935630256
LAC,ATL,1499.138867999606,1468.0169887323786,12,21,0.6218776675327611
JAX,LAC,1461.406147323037,1443.593823739809,25,21,0.6034841161894638
LAC,ARI,1497.8609837900935,1451.4385961853343,26,19,0.6382269630098936
TB,LAC,1464.0776888606472,1479.3945606036918,22,23,0.565602673728097
DET,LAC,1502.293363636364,1477.8337272727274,27,17,0.6183349509520365
LAC,HOU,1494.0028302562598,1459.2362185470517,23,20,0.6313837423430879
WSH,LAC,1501.8645082344729,1518.2031469011192,28,18,0.5546362849191429
LAC,NE,1511.8345331283917,1527.522838170478,22,21,0.5640892013287869
NYJ,LAC,1477.4766362428259,1473.9399644800762,24,23,0.5904049047092765
LAC,OAK,1506.0533103908695,1506.4939513465272,22,21,0.5786240536248878
LAC,CIN,1503.5306301945852,1486.0947840512174,23,21,0.6035693054585072
LAC,IND,1507.502800077333,1520.1666081596454,18,23,0.5661686658790673
LAR,LAC,1543.0146055340317,1492.7768651224899,29,23,0.6453047681254863
CHI,LAC,1464.6654273990887,1469.8967135361518,21,14,0.5833401408574176
LAC,DAL,1502.586873335069,1567.5029564546371,21,25,0.49936290320110577
BUF,LAC,1491.1028553565586,1487.4646223164862,22,18,0.5891386823384648
SF,LAC,1539.6083184509732,1521.0572412835131,26,25,0.5940803690633832
ECG,CCL,1330.3429999999998,1482.1789999999999,48,0,0.3775716432953696
MUN,CCL,1436.249,1483.8229999999999,0,14,0.5250570220154723
AKR,CCL,1609.332,1502.63,41,0,0.7287710183589939
CTI,CCL,1477.9479999999999,1512.487,28,0,0.5437249267832118
RCK,CHI,1300.0,1460.4920000000002,0,29,0.36593490987853744
NYG,KCB,1437.659,1393.585,11,1,0.6520085176364603
RAC,KCB,1489.2579999999998,1287.219,13,3,0.8230573264159806
PRV,KCB,1543.4489999999998,1434.589,0,22,0.7312194968101985
KCB,LAB,1519.37,1446.646,7,3,0.6884328876735211
BRL,KCB,1302.032,1429.0379999999998,9,10,0.4117016627021256
AKR,KCB,1460.4589999999998,1394.1429999999998,14,7,0.6804663233276839
HRT,KCB,1354.509,1410.585,2,7,0.5128398448421638
ARI,KCB,1519.4555,1435.9305,11,7,0.6961619493513289
FYJ,KCB,1514.7879999999998,1310.493,42,7,0.8249406855945229
KCB,HAM,1328.293,1419.219,0,6,0.4627585849134019
ECG,MUN,1336.0320000000002,1469.651,14,0,0.4025135809267792
ECG,LOU,1325.2530000000002,1400.7965,17,3,0.48501445137624005
TOL,ECG,1504.9379999999999,1422.1879999999999,15,0,0.7006756611079398
ECG,HAM,1369.434,1406.5079999999998,0,3,0.5401024206322547
PIT,TEN,1526.1124993992241,1533.6828129346452,21,17,0.5720855924428969
NYG,TEN,1470.0427578335757,1498.3771396729826,17,20,0.5471572045605371
SEA,TEN,1479.7001976480901,1510.4325383874036,21,18,0.5439456678472703
DEN,TEN,1464.9868524114002,1457.6519862741002,25,22,0.5907220526185428
TEN,NO,1466.4992592094306,1499.3637512601158,20,22,0.5395622755278534
TEN,MIA,1502.0043656627488,1478.973130020136,18,18,0.611537271549715
CLE,TEN,1480.0746544178558,1469.0924244355258,19,19,0.5950801096048651
TEN,BAL,1517.1721953325668,1540.5279600436008,17,16,0.5546751180253128
TEN,PHI,1529.1667888717568,1512.3434908315533,24,19,0.6063662228674495
TEN,KC,1505.4653255294656,1484.4043203886836,22,17,0.6084808673284567
ATL,TEN,1477.5202767421365,1468.3614459841046,26,19,0.594550942549526
JAX,TEN,1478.9055699872201,1478.830761424032,20,18,0.5825400900894855
ARI,TEN,1456.8658004870235,1495.361558250559,22,21,0.5348240717659287
TEN,TB,1494.5016363636364,1446.7455454545454,22,18,0.6453058050837143
TEN,DET,1429.577812006886,1494.6881809910465,22,24,0.49901675031972625
TEN,HOU,1469.7092560152942,1462.172951861822,23,19,0.594304028723049
WSH,TEN,1527.0453604931722,1503.459493224043,21,18,0.6106076920134897
NE,TEN,1479.9512463763126,1493.516161425541,25,19,0.5625682876805351
TEN,NYJ,1455.0202482204802,1462.5098942083582,25,18,0.5737128429947033
OAK,TEN,1496.7653699006617,1489.2737752894716,25,20,0.5896115818296773
CIN,TEN,1467.394862457046,1478.763791123845,25,20,0.5657384756803188
TEN,IND,1498.5874641142036,1500.9751812299887,24,20,0.5759956307142476
TEN,LAR,1513.4872619778448,1514.1365480863046,22,20,0.5677576407947265
CHI,TEN,1488.980809573206,1494.6249581308175,22,21,0.5831440610493867
DAL,TEN,1520.5513352935973,1523.4775252587854,19,22,0.5727711884372048
BUF,TEN,1480.891619642714,1469.1287253338578,21,20,0.5971130035549891
TEN,SF,1495.594706145647,1544.4114738178964,20,22,0.5232529292127587
PIT,NYG,1485.9757511266916,1484.2231591317268,19,17,0.5808807967587867
PIT,NYY,1363.9055,1344.1575,12,20,0.5816438220723982
BKN,PIT,1422.19915,1382.52985,8,11,0.6367715377288267
PIT,SEA,1539.8536804606147,1514.7969030106988,20,14,0.6039771289112852
DEN,PIT,1572.1453448550521,1581.2900679495062,23,20,0.5737908431830039
NO,PIT,1479.5932119858737,1505.5418286806043,21,20,0.5495023031866293
MIA,PIT,1579.4353110632555,1550.3015529092672,22,18,0.6211346479529126
PIT,CLE,1515.051624397466,1509.717917681343,21,18,0.580939641884866
PIT,BAL,1560.564035173007,1566.6737820550813,21,18,0.5807593361754898
PHI,PIT,1463.7038722967532,1465.5704389167538,17,15,0.5822403693664316
PIT,KC,1542.2063480064596,1540.5284577088917,22,20,0.5856232584951659
ATL,PIT,1488.2878940899873,1487.170101196218,24,24,0.5862865774693305
JAX,PIT,1533.066794376466,1529.8463429221936,20,17,0.5843495212510995
PIT,ARI,1451.1863295165292,1471.6511414165454,21,17,0.5569477868526707
PIT,TB,1544.3974886056371,1479.1583933409163,19,18,0.6332036510922123
DET,PIT,1497.9319103513753,1465.1774572778147,22,14,0.6186394745347872
PIT,HOU,1504.4903376998216,1512.0041672846849,17,22,0.5535833833072296
PIT,WSH,1464.515126638518,1457.6790456676306,18,16,0.5898162537842324
PIT,NE,1599.7934859696722,1560.8242560761994,24,20,0.6320989863875893
PIT,NYJ,1515.3625941332732,1535.0133445713725,17,17,0.5650601413274302
OAK,PIT,1566.072716162861,1569.5483513438087,22,19,0.5785291103195387
PIT,CIN,1520.3595581670286,1522.1061215097195,20,18,0.5788311681655587
IND,PIT,1557.6033229224122,1535.6299880048675,24,18,0.6050380708386005
PIT,LAR,1514.9979551681304,1502.6179857817397,21,15,0.5889461950584678
PIT,CHI,1522.3241724041902,1518.1354606335167,22,15,0.5761844674201116
PIT,RED,1284.814,1310.614,10,1,0.5561249817460395
DAL,PIT,1512.0572631370924,1526.316225971727,23,20,0.5545282035599256
PIT,BUF,1526.4970822732053,1525.8694239057443,23,17,0.5847229178122876
PIT,SF,1532.8905773775552,1541.696923300812,20,20,0.5734738145324864
NYG,CBD,1489.32,1407.866,7,7,0.6991086631812383
NYY,NYG,1471.5854,1426.9858,28,26,0.6237188917724776
PRV,NYG,1537.254846153846,1517.6992307692306,11,5,0.6086841059801578
NYG,CRP,1556.473,1399.493,23,0,0.7820783950848551
BKN,NYG,1488.3532666666667,1504.4728,10,10,0.5563886411788774
NYG,SEA,1505.9910094197903,1483.0527030181158,20,20,0.6144717984549392
NYG,LAB,1519.5710000000001,1361.914,0,6,0.7827418588956456
NYG,DEN,1547.2394691995576,1562.602737031114,21,18,0.5602295872021112
NYG,NO,1486.4685155394318,1460.7709463583308,26,18,0.6199931451278343
BRL,NYG,1412.471,1396.2800000000002,13,8,0.5777568299403651
NYG,MIA,1536.6504772464475,1512.1129016521336,15,17,0.6089528706717108
CLE,NYG,1559.102344322924,1551.0480436084838,20,19,0.590946135701112
NYG,BAL,1573.6111287724582,1523.2066312814068,30,15,0.6402941256587251
NYG,PHI,1504.8886786598594,1506.7471784609183,20,17,0.5800536136609697
HRT,NYG,1413.889,1472.382,0,21,0.5093632310192482
KC,NYG,1476.6050679600123,1502.230509231276,24,17,0.5553675138646622
NYG,ATL,1476.4571136305929,1476.2950136098789,17,18,0.5882299635337008
DWL,NYG,1473.518,1529.3379999999997,23,9,0.5089557607407258
JAX,NYG,1471.2550705645986,1499.3804863464943,26,18,0.5512976056906327
NYG,ARI,1482.9300338114863,1487.9254309923147,20,18,0.5752650591148952
TB,NYG,1451.6717057537114,1463.4112942024187,18,17,0.5665600156062007
DET,NYG,1515.6661309525637,1515.4495297061637,17,14,0.585710913940843
HOU,NYG,1445.7669213305999,1437.677255056314,18,20,0.5910009647003275
FYJ,NYG,1557.5222857142855,1526.9875,13,4,0.6135893574182621
WSH,NYG,1512.4722984713026,1503.5065141363098,19,18,0.5946596775171706
PTB,NYG,1562.15175,1529.0430000000001,8,9,0.6284789893764321
NE,NYG,1511.65174410903,1616.8744492697876,18,19,0.44226989410363476
NYJ,NYG,1480.9158612855583,1473.7287925514906,18,21,0.5968205587321406
OAK,NYG,1510.7898672785527,1510.9656268666868,22,17,0.5777360902363331
CIN,NYG,1491.0244574013109,1475.8289616109312,26,20,0.6008752755332079
IND,NYG,1509.743654879529,1551.8278379815256,18,24,0.52775852018332
TOR,NYG,1574.2694999999999,1489.30725,14,9,0.6585817809856577
NYG,LAR,1531.6681797474805,1504.4461242925793,22,19,0.6171091148646591
NYG,CHI,1559.053129606411,1573.8904535090473,17,15,0.5646925760392649
NYG,DAY,1416.4089999999999,1364.61,23,0,0.6620289601849624
NYG,DAL,1524.4136069751114,1523.3285499213798,21,19,0.5780415146189651
NYG,BUF,1529.385891556697,1500.4415692551606,17,18,0.613850017477071
NYG,SF,1555.0152752950066,1529.5653443639687,22,18,0.6164456660169477
SEN,CBD,1309.635,1596.2115000000001,7,21,0.21860876723485745
PRV,CBD,1530.61,1389.9189999999999,21,2,0.7656756851592013
UAP,CBD,1300.0,1536.826,13,7,0.27108791197517074
CBD,LAB,1451.65,1326.369,13,16,0.7493869742362412
CBD,LOU,1553.0443333333333,1374.6530000000002,29,0,0.7990305646808998
BRL,CBD,1296.481,1377.08,19,0,0.4775663062927459
CBD,TLM,1516.8029999999999,1300.0,42,0,0.8350967251138723
CBD,OOR,1647.2115,1305.0949999999998,27,0,0.9059232754806515
CBD,AKR,1560.8143999999998,1530.5452,3,7,0.6227048765769513
HRT,CBD,1336.057,1413.9389999999999,16,7,0.4814698023428502
ARI,CBD,1612.1500000000003,1628.4786666666666,7,5,0.5628232607820856
FYJ,CBD,1602.2820000000002,1477.673,14,3,0.7441250191211142
PTB,CBD,1476.4979999999998,1515.818,28,0,0.5368893381273911
CBD,TOL,1637.582333333333,1586.7733333333333,9,6,0.6399929022227185
CHI,CBD,1638.55325,1561.75275,12,3,0.6593664153009241
DAY,CBD,1543.0505,1512.4096666666665,15,5,0.6278546815936642
CBD,CHT,1545.558,1305.494,21,0,0.8527192268204822
CBD,PTQ,1504.6879999999999,1300.0,48,0,0.8252671507782987
CBD,CTI,1493.9516666666666,1504.1653333333334,2,8,0.5764318223630571
CBD,HAM,1582.7269999999999,1408.1495,12,3,0.7942927420872239
RIC,CBD,1300.0,1506.055,0,39,0.30746918791562805
SEN,CTI,1289.713,1478.329,7,0,0.32924740542392955
NYY,PHI,1503.2404999999999,1431.045,21,3,0.5765292015337902
NYY,ARI,1275.147,1554.2920000000001,20,65,0.2257061165928419
DET,NYY,1439.3739999999998,1412.0777999999998,36,19,0.6214524738032824
WSH,NYY,1351.6100000000001,1355.2535000000003,26,14,0.5562630469047178
LAR,NYY,1571.4094,1416.9366,44,25,0.7451245227778684
NYY,CHI,1511.9862500000002,1522.71475,27,28,0.564688210370127
SF,NYY,1477.73575,1422.5785,18,17,0.6404463957461615
RAC,LOU,1451.1529999999998,1373.8410000000001,57,0,0.6940694101332828
RAC,AKR,1465.3139999999999,1461.504,9,7,0.5977508127412162
ARI,RAC,1576.5973333333334,1459.2206666666668,11,6,0.7345493334198783
RAC,TOL,1464.1795,1522.4435,3,7,0.5096715122478246
RAC,CHI,1542.97,1538.4745000000003,3,5,0.5903795072397331
RAC,HAM,1457.8633333333335,1418.4196666666667,7,1,0.6424077803428554
PRV,BKN,1457.497,1437.2646666666667,14,4,0.6177528620582807
PRV,LAB,1543.328,1354.611,6,7,0.8116110409446039
PRV,BRL,1496.869,1300.0,13,0,0.8186813772884013
PRV,DWL,1562.342,1432.045,7,0,0.7547706257723602
PRV,CLI,1463.9334999999999,1313.6515,9,10,0.7751184019297044
PRV,ARI,1526.288,1465.932,4,11,0.6653345651765656
FYJ,PRV,1509.431277777778,1524.6101666666664,7,6,0.5681308147477369
PTB,PRV,1509.5632999999998,1515.4003000000002,8,6,0.578450684987208
PRV,TOR,1527.455,1483.4470000000001,10,0,0.6519203925847548
PRV,CHI,1582.6715,1600.1999999999998,4,3,0.5555811360786638
PRV,DAY,1514.3786666666667,1396.5243333333335,25,0,0.7343213356542121
CHI,KEW,1386.533,1300.0,25,7,0.7052228213582555
CRP,DET,1412.9065,1379.2015000000001,13,17,0.6330151352137968
WSH,CRP,1588.118,1386.911,42,20,0.8223587509291348
CRP,LAR,1382.4645,1391.1725000000001,17,31,0.5772065137831883
CHI,CRP,1444.3360000000002,1525.7664999999997,20,28,0.4863860000827216
CLE,BDA,1385.3223333333333,1410.0191666666667,18,31,0.5284948175072768
BDA,CRA,1245.6216666666667,1248.2263333333333,18,20,0.5884002697535557
SF,BDA,1329.8071666666665,1389.1755,25,25,0.5068208566180369
PHI,BKN,1402.20445,1404.6416000000002,12,12,0.5787958999718802
CLI,BKN,1287.38,1435.2879999999998,6,0,0.3829000979693048
BKN,ARI,1427.774916666667,1435.2945833333333,8,7,0.575687137878836
DET,BKN,1489.8628,1472.6524666666667,16,8,0.5980174380240724
FYJ,BKN,1418.3249999999998,1398.2160000000001,3,17,0.6198224549314935
WSH,BKN,1471.3469600000005,1477.5581199999997,11,11,0.5751218786973472
BKN,TOR,1363.229,1411.1675,16,7,0.5245204909930941
BKN,LAR,1473.44,1438.70225,15,12,0.6372358339607729
CHI,BKN,1529.0922727272728,1500.7547272727272,12,15,0.5911792775159476
BKN,RED,1321.05,1357.777,18,0,0.5330515069821921
SEA,DEN,1534.7269929437564,1533.675556257864,23,19,0.5850405726105704
SEA,NO,1498.619997237553,1527.0163312047407,24,21,0.548442077792122
MIA,SEA,1554.9615798770187,1495.3856098777212,21,16,0.6604724921744534
SEA,CLE,1496.4067990496414,1477.959788594733,22,15,0.6047938857002754
BAL,SEA,1468.3813062514819,1547.1481965763119,26,24,0.4802922312365855
PHI,SEA,1493.4143918784343,1552.8467327260366,18,21,0.5074371962810001
KC,SEA,1502.3552120744191,1519.3793426595473,24,18,0.5633571171620193
SEA,ATL,1482.622889392945,1526.0581785965237,25,27,0.5270846156627691
JAX,SEA,1467.275157014045,1464.4425315620188,29,19,0.5737302120212423
SEA,ARI,1497.9038488763215,1497.0225204398935,22,22,0.5829242449165074
TB,SEA,1455.5809721983871,1423.2227454714246,16,15,0.6245352232654758
SEA,DET,1488.9482751890346,1473.3073088461556,23,19,0.6019960886688177
SEA,HOU,1540.0659738960226,1495.4797899230975,34,19,0.6472334290249093
WSH,SEA,1491.0255565723328,1519.4685664730628,16,18,0.5492220341570165
NE,SEA,1524.5717265765152,1516.9763554360552,20,20,0.5889639638564775
NYJ,SEA,1501.4407771566516,1478.8653939672595,17,19,0.6152701574274463
OAK,SEA,1530.9495145629533,1518.9574943621496,24,18,0.5934707347256893
CIN,SEA,1497.3316154627353,1479.1475766431363,21,19,0.6011599417327755
SEA,IND,1491.738971698944,1499.6626811912554,24,21,0.5706903289923124
LAR,SEA,1506.2754909040025,1490.9857107700525,23,18,0.5968637032791966
SEA,CHI,1514.8435727242604,1485.7042479712593,23,19,0.6223257628667861
SEA,DAL,1527.8813226736638,1509.9769490702704,23,18,0.6130405854913722
SEA,BUF,1485.834953824176,1501.9105738768433,24,24,0.5620339765418786
SEA,SF,1501.8423736653863,1520.0412563457312,23,18,0.5562918360358147
ARI,LAN,1524.675,1300.0,14,0,0.8412426678993664
BRL,LAB,1328.006,1395.807,0,20,0.4959691242996532
ARI,LAB,1582.68,1300.0,15,0,0.8809447209233554
PTB,LAB,1632.76,1367.329,10,0,0.8701305719683279
NO,DEN,1515.229866681457,1508.4138749682554,25,22,0.5959546792447893
MIA,DEN,1491.659219495346,1482.1249866049588,24,17,0.5986451393879516
DEN,CLE,1512.1627887219624,1508.6788169982917,21,19,0.5876894281256121
DEN,BAL,1591.947714981033,1556.0538180343822,26,17,0.633680853028876
PHI,DEN,1558.007565866526,1509.8191016916983,30,17,0.6364513892979898
DEN,KC,1515.8345577983237,1514.6950535867566,23,20,0.580924522359393
DEN,ATL,1519.010894242992,1507.2007737872425,26,24,0.5966827186685257
DEN,JAX,1559.6777957941424,1502.946864563148,23,20,0.6417778417569622
ARI,DEN,1468.131724379358,1486.7474596603954,23,21,0.5559858027963116
DEN,TB,1514.7919855179452,1493.120051788479,19,18,0.5972322881651222
DEN,DET,1495.4331557568112,1514.8484675452382,22,21,0.5519012971917094
DEN,HOU,1462.4865766567657,1523.2552284983656,24,20,0.510514818462911
DEN,WSH,1547.2552841802622,1535.859126293451,25,17,0.5961191476811355
NE,DEN,1519.1692669052695,1518.2846915776688,24,20,0.5829762811144562
NYJ,DEN,1456.3084912073562,1447.4135937976455,24,20,0.5945734011645026
DEN,OAK,1512.3781193487653,1517.4600022029185,21,20,0.5722708734845493
CIN,DEN,1474.341201030583,1512.855141881301,21,18,0.5361411509029914
IND,DEN,1549.2532136820143,1557.9716172114815,25,19,0.5728656846666791
LAR,DEN,1504.0529620697057,1537.1684407566597,23,19,0.5390393808471123
DEN,CHI,1501.6054025285234,1526.283897607764,18,17,0.5518272002552365
DEN,DAL,1576.8913327481164,1608.290227052249,27,22,0.5349275727406574
BUF,DEN,1458.9210839658836,1464.3429832287034,23,21,0.5753488458610408
SF,DEN,1561.0983772841194,1549.1806183548617,27,20,0.5884704817472433
LOU,OOR,1371.0929999999998,1270.23,0,19,0.7220762963488728
TOL,LOU,1545.095,1388.471,39,0,0.7817289272229109
CHI,LOU,1655.642,1280.587,34,0,0.9264340247309042
MIA,NO,1493.7618325320875,1532.149973408705,20,20,0.5287132776654339
NO,CLE,1445.826309829995,1446.3362024263006,18,21,0.5758587454263606
BAL,NO,1525.41344351943,1519.2953730461215,25,24,0.5960131544601349
NO,PHI,1474.6506461245588,1500.9747184708667,23,20,0.5556007327844762
NO,KC,1485.9297028272172,1483.2832641557848,21,24,0.5772702435014297
NO,ATL,1477.8617364930274,1476.4868300557614,22,21,0.585264495058482
NO,JAX,1475.1980709912298,1466.3334322095334,27,21,0.5816463146272165
ARI,NO,1446.8676099172933,1458.3286980938242,25,20,0.5691967219599706
NO,TB,1488.4819822197092,1465.5668225714821,21,20,0.609119607525757
DET,NO,1462.5241200860203,1477.6645950207073,22,19,0.5603036868409377
NO,HOU,1501.2267472839426,1456.6196807819351,29,14,0.6496724456833467
NO,WSH,1496.5594291057844,1488.573812045822,23,21,0.5931276479618646
NO,NE,1495.3870585963111,1530.4358397637557,22,22,0.5365920653188452
NYJ,NO,1475.378761474548,1458.9994556712686,18,18,0.6052832870361115
NO,OAK,1502.9496177648075,1486.8538252970513,26,20,0.6033574038478583
CIN,NO,1441.166786000398,1503.1169237414015,18,23,0.5041908911686473
IND,NO,1514.658243645214,1482.3502460415407,26,18,0.6032660105983358
NO,LAR,1494.5050919372707,1501.8296814159046,23,21,0.5685036022147187
NO,CHI,1476.4917754667233,1460.7955655979474,20,19,0.6083829229892045
DAL,NO,1506.6081103352496,1525.1943054028163,22,17,0.5493686360992135
NO,BUF,1518.5578830778154,1520.2610083353961,18,25,0.5764002752562452
SF,NO,1509.2213249103695,1507.1184937752644,22,21,0.5817905123936165
BRL,HRT,1314.0965,1337.992,11,3,0.5580844090780976
BRL,PTB,1475.2215,1464.7514999999999,7,10,0.5499443478156582
CTI,TLM,1433.056,1278.649,14,0,0.7795435211924647
MIA,CLE,1490.2331701580872,1511.8873786969482,19,19,0.5557905800214981
BAL,MIA,1501.274268227601,1529.0664880222268,19,15,0.5510311113138283
PHI,MIA,1544.0047261007965,1511.9897532440002,19,18,0.617342766046133
KC,MIA,1525.8909649822924,1521.1843262941702,22,18,0.58556472629391
ATL,MIA,1561.3431498725295,1502.7263632517306,21,17,0.6582493645398292
JAX,MIA,1466.6978529060032,1492.632220020319,20,17,0.5494190375722021
MIA,ARI,1536.8975679222115,1474.807781592756,21,22,0.6540744224495955
TB,MIA,1471.5451730120963,1478.9105256733847,24,21,0.5680128211522871
MIA,DET,1502.2366741273565,1529.4190872663091,23,22,0.5485098160229156
MIA,HOU,1469.1765465058788,1456.9432833535986,26,21,0.6039125737038931
WSH,MIA,1545.8612857142857,1564.9655,18,16,0.5479089686675803
MIA,NE,1536.499256465114,1530.3441505353117,24,18,0.5825326606272674
MIA,NYJ,1505.411631530436,1510.2041871329313,21,21,0.5752612683134302
MIA,OAK,1530.4553782318194,1529.7987633660778,21,19,0.5818238999053741
CIN,MIA,1485.6606501869626,1496.4653438303728,21,19,0.571195243697011
IND,MIA,1524.351370345008,1526.934048925368,21,18,0.5752190376887387
LAR,MIA,1518.4306268925868,1512.012867529323,22,19,0.5953396724728303
MIA,CHI,1556.47356412641,1510.1543746137484,22,21,0.6471916732358651
MIA,DAL,1555.9585608281247,1583.66277818848,16,21,0.5436916398289493
BUF,MIA,1502.7648007206583,1504.431095925727,22,18,0.5763505252261991
MIA,SF,1572.652577768546,1530.4149201713153,21,17,0.6287228438722136
ARI,MUT,1487.625,1281.8,33,3,0.8262089539380489
CHI,MUT,1368.3329999999999,1300.0,20,0,0.6829855714913705
BAL,CLE,1467.5333054294474,1473.6121715385746,20,17,0.5654895720009668
PHI,CLE,1529.8509056650478,1536.6496125045041,23,20,0.5722855090805039
KC,CLE,1480.6332097623924,1491.4412932520597,24,16,0.5674273706508279
ATL,CLE,1439.6287466113054,1464.7481385060432,19,19,0.5531231282818386
CLE,JAX,1416.1599911887174,1440.2688736098853,19,18,0.5462821402439829
CLE,ARI,1517.1874599097998,1516.8513614132485,21,22,0.5772926072683356
TB,CLE,1439.4933009347762,1435.398228993811,19,18,0.5942031044803607
DET,CLE,1521.529140021271,1531.6339429273692,25,18,0.5701852552283471
CLE,HOU,1473.6266093785002,1379.6202577001459,21,15,0.7063053590054922
CLE,WSH,1512.175743357515,1505.534809004696,21,20,0.5811627489332024
CLE,NE,1482.4836376395544,1489.881370076967,18,18,0.5724961981056588
CLE,NYJ,1464.6299674718673,1491.1089495393348,21,18,0.550050917118993
OAK,CLE,1499.4651553337824,1479.6247082272876,21,19,0.6080931115255052
CLE,CIN,1466.177409048472,1463.7524209766677,21,20,0.585948441207379
CLE,IND,1501.6210319817333,1499.756101432066,18,20,0.5873435692502651
CLE,LAR,1528.87057153611,1535.9548068745707,24,20,0.5693036169983964
CLE,CHI,1512.5990137826848,1481.7412429055962,25,16,0.6233305629295177
DAL,CLE,1518.3061800410305,1522.9491248540826,23,19,0.5753344521841599
CRA,CLE,1475.6221249999999,1357.07625,23,18,0.6767869262673879
CLE,BUF,1473.7397557162851,1450.959104628973,20,17,0.6088205726514909
CLE,SF,1549.1165779838127,1539.0882940377408,21,18,0.5957636730642033
AKR,CNC,1540.5520000000001,1300.0,13,0,0.8530716765977777
ARI,CNC,1516.399,1285.7089999999998,20,0,0.845812520321243
DAY,CNC,1529.368,1293.191,23,7,0.849886887823208
AKR,OOR,1552.859,1313.4589999999998,62,0,0.8522385410489223
ARI,OOR,1567.271,1272.903,22,19,0.8878224105491355
SLA,OOR,1278.218,1309.072,14,7,0.5489824388453522
TOL,OOR,1520.9379999999999,1387.207,7,0,0.7584110138255671
CHI,OOR,1630.2495,1304.879,29,3,0.9032768232642467
DAY,OOR,1509.485,1300.0,36,0,0.8292133938374656
BAL,PHI,1547.447840566796,1536.08574909063,22,15,0.6044679313716544
BAL,KC,1529.395771942892,1564.1075800338124,16,24,0.5324375754937293
ATL,BAL,1550.0986836709199,1501.4607903704916,21,16,0.6498945959256089
JAX,BAL,1495.1098807905983,1481.753034183272,22,18,0.5883125906391174
BAL,ARI,1473.1201969015483,1456.3378477608283,20,20,0.5985032821759634
TB,BAL,1543.3068524181583,1519.2443622602532,12,22,0.6195999435534171
BAL,DET,1486.74518027505,1469.58310054218,32,13,0.5845719088089651
HOU,BAL,1520.479069040821,1536.5740122123684,24,19,0.5647154051270493
WSH,BAL,1515.6423354684819,1526.3983508854035,17,15,0.5727745894193109
BAL,NE,1617.4261684532814,1613.9900856348854,23,25,0.5948926575486957
NYJ,BAL,1536.949222492859,1508.6414017664451,19,14,0.628202902529216
BAL,OAK,1489.8046662435802,1485.0511149809752,24,18,0.5868689234013337
BAL,CIN,1504.9276336290472,1503.4262628731126,22,18,0.5848779009573084
IND,BAL,1583.4009199672842,1531.8133896944653,22,17,0.6441352767289301
BAL,LAR,1465.1428982955201,1461.8696385685682,23,19,0.5905520932311952
CHI,BAL,1506.6968582531265,1455.1157657985802,21,11,0.6439433377785732
BAL,DAL,1597.701698686482,1481.880630345638,27,17,0.733368894819373
BAL,BUF,1520.0950544382324,1513.763582098244,23,13,0.5888498282213831
SF,BAL,1555.66592909018,1551.69301560914,27,15,0.5675697945849266
KC,PHI,1527.4781686333038,1508.6034183689135,22,22,0.6002492339050272
PHI,ATL,1499.2377931979834,1512.8611056628376,19,19,0.5675040030809331
JAX,PHI,1501.3223680612766,1536.0447733583717,21,21,0.5218864958195348
ARI,PHI,1481.796317880363,1475.5043355203757,21,19,0.5896171052003668
PHI,TB,1516.6634872632885,1519.668731114581,17,19,0.5789171707590665
PHI,DET,1480.9579730705645,1490.9356351893846,22,20,0.5671193500547488
PHI,HOU,1531.283845704524,1471.0042774353662,26,25,0.6394256317133573
WSH,PHI,1496.912435160615,1496.3707051740462,20,20,0.5817100496586368
PHI,NE,1571.757416690187,1524.5644884045143,24,23,0.6247174284097673
PHI,NYJ,1452.7291256660708,1494.506376547361,24,20,0.5340453719121295
OAK,PHI,1567.1555681121192,1513.5725512724687,21,17,0.6390745785191605
CIN,PHI,1481.2817996287574,1485.9487054076822,22,22,0.571886977277438
PHI,IND,1548.4388511601276,1453.4447110362144,25,21,0.6854860566075743
PHI,LAR,1510.0931483505233,1535.9018800400195,21,18,0.5533561119663774
PHI,CHI,1517.6102096921143,1536.6723737100288,18,18,0.556345604571131
RED,PHI,1307.9853333333335,1268.86,28,3,0.6429288037622695
DAL,PHI,1534.5457938976347,1534.0892556646534,21,20,0.5801687947007704
BUF,PHI,1518.5313414667257,1483.9101646845618,20,17,0.6330818212190531
PHI,SF,1533.6166573880723,1506.5390127886235,22,22,0.6177392160373296
PUL,HAM,1300.0,1421.25,13,14,0.4197496883637788
ARI,AKR,1532.6102,1533.3116000000002,7,6,0.5832051621659511
FYJ,AKR,1537.158333333333,1487.093,15,4,0.6573238241619551
PTB,AKR,1592.217,1480.8315000000002,27,0,0.7296840516677651
CHI,AKR,1622.8980000000001,1529.99325,14,4,0.700017051031237
AKR,DAY,1541.0565,1569.0437499999998,8,4,0.5494484467571841
DTI,AKR,1331.9660000000001,1656.231,0,20,0.1835543839176582
AKR,CTI,1488.225,1521.527,7,3,0.5401762359597847
AKR,HAM,1520.3020000000001,1412.8125,19,0,0.7241584107824934
FYJ,HRT,1455.4679999999998,1465.9265,6,5,0.5625779488530362
HRT,DAY,1340.4879999999998,1397.395,16,0,0.51164465721447
ATL,KC,1469.9068768287755,1508.4204793595977,27,18,0.5344543250558913
JAX,KC,1514.384288372373,1483.4028576638893,22,19,0.6222901501164374
KC,ARI,1487.3271913245708,1474.8103453254362,22,15,0.5967308657427811
TB,KC,1440.2511546874575,1440.9412053770823,20,19,0.5779953077944182
DET,KC,1498.1555291884254,1468.4992729194362,30,17,0.616856627555539
HOU,KC,1474.0568769260192,1543.8017993146739,19,27,0.4907280113403341
KC,WSH,1547.243841663111,1476.963001927925,22,22,0.6715461362927321
NE,KC,1513.2922485277966,1506.9888303676164,25,21,0.5837491901558164
KC,NYJ,1474.3598052685727,1480.9959994636497,24,18,0.5767953777290262
OAK,KC,1517.4335124113288,1512.2106020020562,21,18,0.5877574550244453
KC,CIN,1490.5043280647944,1499.8032133967283,21,17,0.5664470259420171
IND,KC,1520.364548134601,1526.0886060342732,21,21,0.5780547078948086
KC,LAR,1505.5091678577917,1553.9910970850333,24,23,0.5151996245188472
KC,CHI,1558.3065057490749,1452.7627986687075,18,15,0.7148586138753342
KC,DAL,1546.7316006033989,1548.3259046760402,25,21,0.5827196034130887
BUF,KC,1495.8268795959655,1488.312647283159,22,19,0.5901628813312563
SF,KC,1555.3991339749123,1528.7195855851073,25,14,0.619153957039128
JAX,ATL,1475.9521438564682,1453.4857324297366,19,17,0.6121187537735019
ATL,ARI,1455.6870113848279,1452.419973378966,25,19,0.5869936987542341
TB,ATL,1466.7520763415762,1474.9121032219998,23,20,0.5709931318435283
DET,ATL,1462.6550497554265,1456.540210897563,23,20,0.5913250545327646
HOU,ATL,1474.0304367706774,1498.524303137875,27,15,0.5561859852063384
WSH,ATL,1516.0939807578116,1483.1545563575078,23,20,0.6208364184455906
NE,ATL,1533.3535675976025,1540.2619045780893,21,20,0.5705709681111626
NYJ,ATL,1497.0907748053899,1493.8353387531815,19,17,0.5917881037838185
ATL,OAK,1502.2932955309514,1467.5907214584652,26,23,0.6186210130885975
CIN,ATL,1459.2907014512277,1485.629606337419,27,19,0.5512365374327416
ATL,IND,1468.830990397168,1472.6951589637602,20,21,0.5643755499951334
ATL,LAR,1483.3567580096253,1496.8442720091082,22,18,0.5585779262088485
CHI,ATL,1481.388396871094,1470.3225396272524,19,16,0.5902195955556301
ATL,DAL,1511.7664487381664,1524.3258352841567,22,21,0.5634259736533865
ATL,BUF,1504.2661259685567,1479.401550871489,23,19,0.6186133369965818
ATL,SF,1501.756933276091,1490.9909628438525,22,19,0.5896590214051948
FYJ,DWL,1521.414,1449.3629999999998,25,7,0.6876013142704195
CHI,DWL,1520.607,1500.711,7,6,0.599103362987681
DWL,DAY,1474.976,1357.307,33,0,0.7410680730853422
CLI,ARI,1436.3075,1395.141,13,7,0.614669425149055
DET,CLI,1544.233,1319.4520000000002,10,3,0.8406323499707011
CHI,CLI,1570.775,1293.941,21,0,0.8773697393318928
JAX,ARI,1414.9475253949463,1475.620479305744,23,23,0.4909844263993426
TB,JAX,1439.77777961088,1448.9143513461468,27,19,0.5721954844406062
DET,JAX,1479.7354391826284,1419.7679340552297,26,21,0.6397456143255927
JAX,HOU,1455.8016042923987,1439.0577412878258,22,19,0.5980359004998551
WSH,JAX,1480.4577315203971,1482.258897529217,24,18,0.5866877445599036
NE,JAX,1610.7903134563671,1539.886211132767,27,16,0.6682851200958869
NYJ,JAX,1501.04009639082,1447.0120395398094,24,14,0.6592911253180068
OAK,JAX,1450.1293543363188,1419.6159381929274,22,17,0.6169745359643697
CIN,JAX,1431.5942276580186,1456.28930063677,20,19,0.5415032313244639
JAX,IND,1490.2147163723548,1512.4627925939794,22,21,0.548298821524999
LAR,JAX,1436.119455624262,1383.243017776016,23,20,0.6531800826794099
JAX,CHI,1442.2906579254857,1486.509809907227,21,19,0.5281505535140463
DAL,JAX,1506.7851053598545,1465.7599852290157,25,20,0.6270737566712962
BUF,JAX,1467.574316472223,1467.3260787916247,21,21,0.5805738693606116
JAX,SF,1515.345622755526,1430.002411559486,31,11,0.6383206027503974
TB,ARI,1407.373903216097,1413.5312870637777,20,17,0.5800255191186332
DET,ARI,1461.850460231199,1479.7019348022027,19,15,0.5613299357586787
HOU,ARI,1436.7560555610926,1445.70863171351,29,21,0.5790225380151987
FYJ,ARI,1517.7176666666667,1449.7543333333333,14,8,0.6739765092358398
WSH,ARI,1479.3264936280495,1479.1359933331287,21,18,0.582119264027967
ARI,PTB,1546.883,1623.8445,13,14,0.4831801231629601
ARI,NE,1493.6430160209852,1460.4217682653714,21,17,0.6302289391270695
ARI,NYJ,1454.8047000704075,1446.2656572111732,19,16,0.5976311793707223
ARI,OAK,1467.789181142969,1449.880746088025,20,24,0.5959429815680557
CIN,ARI,1485.7092520050185,1435.1500160746027,28,20,0.6529754516556775
IND,ARI,1508.0486559554888,1493.458348963339,19,19,0.5948905854880407
TOR,ARI,1470.407,1498.058,0,19,0.5527109654317646
LAR,ARI,1465.3101468380894,1472.0944705838324,20,18,0.5730896843153162
ARI,CHI,1523.621351221479,1531.7153110983445,16,15,0.570945715628942
RED,ARI,1335.51175,1373.6955,2,10,0.5274378389302281
ARI,DAY,1519.7792857142856,1419.1101428571426,12,1,0.7172005715795438
ARI,DAL,1502.9982362168996,1502.0772125248766,22,18,0.5798314739929994
CHT,ARI,1306.969,1500.4785000000002,1,3,0.32305692537555286
ARI,HAM,1548.2432,1419.9652,7,3,0.7479247981403612
BUF,ARI,1463.7162244476037,1487.8389725827622,28,17,0.5481387647826537
SF,ARI,1470.675241173625,1467.3163500710054,21,20,0.5827606819292147
DET,TB,1444.946760174923,1445.116707785261,19,18,0.5833578851712538
TB,HOU,1497.6664822876878,1458.80933690373,18,15,0.6234656891898968
TB,WSH,1442.1172931492285,1481.184731696872,17,18,0.5378802240775089
TB,NE,1502.5976640555666,1514.8324722525667,20,14,0.5589289754715051
NYJ,TB,1452.8112754391268,1451.7328952118817,24,15,0.5855483372154889
OAK,TB,1513.2461933509921,1465.0494058843221,31,21,0.6120546672945759
CIN,TB,1446.3053540395342,1479.9002210538,19,20,0.5307484401278002
IND,TB,1479.01442823265,1399.3453132030647,26,20,0.6805228606755308
LAR,TB,1489.4451721799562,1469.3557405452473,23,18,0.6040771240468089
TB,CHI,1459.2953270545925,1468.2195793817489,21,16,0.5654362112318352
DAL,TB,1539.2733606946283,1459.8068097973455,21,13,0.6765418923520026
TB,BUF,1416.1651260314752,1503.7139990989656,23,15,0.4748784482487858
SF,TB,1468.414125225291,1481.9309915757758,21,16,0.5425131056380957
GAR,HAM,1300.0,1426.924,7,6,0.4118159947243675
DET,HOU,1473.89753075824,1469.77562508946,26,21,0.5922886742048189
DET,FYJ,1420.996,1448.5709999999997,16,7,0.5476510641316328
DET,WSH,1512.5672260062129,1500.283826145154,23,14,0.5968719676329362
NE,DET,1492.8895710930885,1507.3899458105222,22,18,0.5540640835637164
DET,NYJ,1479.6843178850265,1503.3834094903875,20,21,0.5568096079473889
DET,OAK,1487.135044794425,1527.5180288303366,24,18,0.5287852055093268
DET,CIN,1486.9906622328638,1471.1989818239174,24,20,0.5975420654817362
IND,DET,1523.248263364605,1522.0750513989879,22,20,0.5780928440265987
DET,TOR,1368.3329999999999,1478.142,13,6,0.4358698399422104
LAR,DET,1497.2998533665223,1507.5400803701702,19,18,0.5703951313182631
DET,CHI,1509.7337737826351,1512.56755386208,20,17,0.5781354348700516
DET,RED,1368.7823333333333,1514.5313333333334,10,15,0.3965566639174029
DET,DAL,1510.0084508943892,1510.4695494925288,24,20,0.5778549050056945
BUF,DET,1448.9840658864427,1467.2874261661154,20,16,0.5628970668368298
DET,SF,1519.3022098659512,1497.4781665704745,22,20,0.6132965455314925
WSH,HOU,1428.5338397822982,1454.5549155701078,21,20,0.550305351780733
HOU,NE,1595.7959819594982,1567.6248507782939,30,20,0.6069087355255075
HOU,NYJ,1483.17258031467,1485.0655848817337,21,19,0.5801503506002896
HOU,OAK,1418.7713497899865,1463.3520256635818,22,21,0.5196559747842923
HOU,CIN,1500.414303928275,1469.214844035413,17,17,0.6267869006386712
HOU,IND,1514.4504198700058,1509.6923408567895,24,21,0.5783507887171945
HOU,LAR,1418.64223714837,1455.8719417071152,21,23,0.5388813329871411
CHI,HOU,1510.0725684316526,1513.4065152585424,16,18,0.5862087347164466
HOU,DAL,1466.075614792558,1452.4433913671219,21,15,0.5995577252417816
HOU,BUF,1459.315443279732,1457.8522454300655,20,18,0.5853812652481287
SF,HOU,1452.6663141441202,1410.3266284571423,23,16,0.6455047857434044
FYJ,PTB,1541.8277142857144,1550.4288571428572,15,3,0.577212147507993
FYJ,TOR,1502.0185000000001,1511.0434999999998,3,9,0.5733186026266215
CHI,FYJ,1571.3592307692309,1512.2377692307693,12,6,0.6610070543932396
DAY,FYJ,1571.9304444444442,1406.5815555555555,13,4,0.7821438647726366
SLA,HAM,1310.289,1433.058,0,0,0.4176214913614999
NE,WSH,1506.562425874633,1554.63713526218,23,20,0.5041636489129154
NYJ,WSH,1496.6803398224326,1492.8741425789378,19,20,0.5816004216662322
OAK,WSH,1544.103686428863,1530.5473087362413,20,23,0.6007762097428108
WSH,CIN,1499.3749849168769,1502.7209794302291,23,20,0.5746306754243911
IND,WSH,1496.5739875122108,1484.8764365850584,24,20,0.593328490150269
LAR,WSH,1494.0589777816162,1497.567064484529,20,21,0.5752633229848508
WSH,CHI,1528.0238529612866,1547.8396587997488,19,20,0.55762625171437
WSH,DAL,1529.9168798327448,1525.024730225036,22,19,0.5877245917161431
WSH,BUF,1528.0122242778193,1518.2176562073503,23,16,0.5793042044978923
WSH,SF,1530.9108611986478,1522.603420797261,23,19,0.5921871238428837
TOR,PTB,1469.1523333333334,1495.2913333333333,8,6,0.5539732393311224
PTB,CHI,1613.1509999999998,1509.7,16,9,0.7142729602016377
PTB,DAY,1528.6825,1386.7725,32,3,0.7610832131677375
PTB,HAM,1650.431,1379.4189999999999,7,0,0.8737180428015034
CHI,TOL,1651.399,1567.396,22,0,0.7021862134902842
TOL,DAY,1530.1529999999998,1480.0,6,3,0.6599056863334548
TOL,HAM,1510.0739999999998,1422.723,14,0,0.7062007539879077
NYJ,NE,1503.664784992906,1497.1229949172407,23,20,0.5856572309981728
OAK,NE,1488.375352236834,1491.0516462618316,23,22,0.5744419196832232
NE,CIN,1491.0466875283983,1467.5250578141672,23,18,0.6139647728510288
NE,IND,1516.9174607517543,1501.7513352997926,23,20,0.5996928914383085
NE,LAR,1556.4822215171796,1555.6272801147904,20,18,0.5574180923491238
CHI,NE,1525.284151006699,1548.9233089407323,21,20,0.545092561592672
DAL,NE,1578.8966387372957,1577.821070139329,20,20,0.583180696553972
NE,BUF,1501.2722165209739,1496.2345826411627,20,20,0.5837886150151955
SF,NE,1539.0913340008763,1553.8173719531517,23,21,0.5448049896910142
CHT,THO,1287.638,1307.111,27,0,0.565146176095177
NYJ,OAK,1473.5374687344008,1477.7957187419895,25,20,0.5791072505697603
NYJ,CIN,1517.1371888123738,1463.4183891561602,26,20,0.6484428618928548
NYJ,IND,1485.5458904220843,1466.802288022523,21,19,0.6028323351420358
LAR,NYJ,1486.7815931841371,1474.3189063486493,22,18,0.5989898168352356
CHI,NYJ,1497.0140139234898,1503.9947076893823,17,17,0.5734027253627648
DAL,NYJ,1524.9674538559293,1517.1454723267852,21,21,0.590586809616031
NYJ,BUF,1464.1464008566347,1472.5792459605598,22,19,0.5703440839270013
NYJ,SF,1487.9658647846545,1514.62985707139,18,22,0.5503709814714915
OAK,CIN,1512.5293572606047,1521.8010683695093,23,19,0.5641781277198353
IND,OAK,1539.5970619783018,1534.7360124929946,24,24,0.5872131157927011
OAK,LAR,1506.880524345806,1502.0093325508494,23,18,0.5914151287188301
OAK,CHI,1482.0811970372783,1526.8001109220475,18,17,0.5216727527858204
OAK,DAL,1572.1778788194608,1530.3193478183941,21,21,0.6344760048111926
BUF,OAK,1493.4280288795294,1476.8183519838287,25,19,0.5940199874979877
OAK,SF,1501.7034076946727,1512.9215515469864,21,19,0.5689476439974563
IND,CIN,1481.9031344003001,1476.5562079450237,24,21,0.591172355980549
LAR,CIN,1499.8746083685355,1482.5063534157343,20,16,0.6057518427373395
CHI,CIN,1479.3915686873893,1512.0369244962355,15,21,0.5438685999189876
DAL,CIN,1488.045527559685,1501.9833226971768,30,18,0.5711709451336914
CIN,BUF,1484.4965728822908,1479.5359084947088,24,21,0.5892013187292046
SF,CIN,1525.6208814598874,1523.838530018468,21,20,0.5593049721798358
CHB,HAM,1300.0,1402.3429999999998,27,0,0.44646509551974106
IND,LAR,1529.9657376777532,1531.8579349427148,24,20,0.5754032419274627
IND,CHI,1511.2107479521605,1531.0351548401975,21,20,0.5534544528179755
DAL,IND,1545.087967332987,1583.0998512131202,22,18,0.5350444906739128
IND,BUF,1471.4039112708456,1476.6366456165383,21,18,0.569730826573168
IND,SF,1521.934614404788,1511.8913195700982,22,20,0.5891346240548058
NG1,CTI,1291.514,1458.5970000000002,0,17,0.35717722313366984
LAR,CHI,1522.2720193882415,1519.7238039242018,23,20,0.5800674338386859
DAL,LAR,1565.3873958248466,1536.00839349132,23,20,0.6231953622999304
BUF,LAR,1486.21436283564,1513.3047916614603,22,21,0.548677179473586
SF,LAR,1518.261284241687,1513.162702787822,22,21,0.5840995810662232
RED,CHI,1505.5445,1458.223,22,14,0.5620974063284634
CHI,DAY,1608.1992500000001,1454.31475,14,1,0.7677359002944908
CHI,DAL,1541.851882343754,1515.3339636784503,20,20,0.605961854997576
CHT,CHI,1320.3645000000001,1485.8029999999999,0,8,0.36445129633228335
CHI,DTI,1578.045,1299.368,20,9,0.8785066386826075
CHI,CTI,1593.5120000000002,1471.592,22,7,0.7457358978191706
CHI,HAM,1577.767,1431.9826666666665,23,7,0.7658615809554951
CHI,BUF,1494.3137690270291,1481.0656196912723,22,14,0.6002051996635664
SF,CHI,1518.7388629557836,1501.515846371815,24,17,0.604139968788843
DTI,DAY,1401.0729999999999,1421.1599999999999,18,3,0.544599027606925
DAY,CTI,1512.1390000000001,1486.381,1,1,0.6270947230109365
DAY,HAM,1486.7,1450.4423333333334,23,0,0.632744319796886
BUF,DAL,1557.8299445518849,1563.492458070612,24,14,0.5615639341953335
DAL,SF,1538.4298256451727,1576.832430336236,24,24,0.5351618434342573
CRA,SF,1398.36275,1362.716625,27,22,0.5878192613173379
BUF,SF,1522.1119572103378,1517.9729897786417,24,17,0.5835550774676067
